date,new_cases,new_hospitalize,new_deaths,cases,hospitalize,deaths
2/29/2020,1,1,0,1,1,0
3/1/2020,0,1,0,1,2,0
3/2/2020,0,2,0,1,4,0
3/3/2020,1,7,0,2,11,0
3/4/2020,5,2,0,7,13,0
3/5/2020,3,14,0,10,27,0
3/6/2020,8,8,0,18,35,0
3/7/2020,7,8,0,25,43,0
3/8/2020,21,18,0,46,61,0
3/9/2020,57,36,0,103,97,0
3/10/2020,69,60,0,172,157,0
3/11/2020,155,78,1,327,235,1
3/12/2020,355,105,0,682,340,1
3/13/2020,619,151,0,1301,491,1
3/14/2020,642,176,2,1943,667,3
3/15/2020,1034,210,4,2977,877,7
3/16/2020,2121,337,7,5098,1214,14
3/17/2020,2451,382,8,7549,1596,22
3/18/2020,2971,491,20,10520,2087,42
3/19/2020,3706,629,24,14226,2716,66
3/20/2020,4007,732,47,18233,3448,113
3/21/2020,2639,731,44,20872,4179,157
3/22/2020,2580,768,49,23452,4947,206
3/23/2020,3570,1130,82,27022,6077,288
3/24/2020,4497,1292,95,31519,7369,383
3/25/2020,4874,1417,125,36393,8786,508
3/26/2020,5045,1524,186,41438,10310,694
3/27/2020,5119,1565,216,46557,11875,910
3/28/2020,3479,1375,272,50036,13250,1182
3/29/2020,3560,1494,290,53596,14744,1472
3/30/2020,6129,1839,323,59725,16583,1795
3/31/2020,5458,1779,388,65183,18362,2183
4/1/2020,5448,1732,447,70631,20094,2630
4/2/2020,5746,1655,499,76377,21749,3129
4/3/2020,5670,1693,497,82047,23442,3626
4/4/2020,3866,1435,512,85913,24877,4138
4/5/2020,3782,1382,578,89695,26259,4716
4/6/2020,6353,1727,576,96048,27986,5292
4/7/2020,6044,1568,598,102092,29554,5890
4/8/2020,5575,1531,568,107667,31085,6458
4/9/2020,5070,1330,559,112737,32415,7017
4/10/2020,4510,1273,537,117247,33688,7554
4/11/2020,3732,1031,544,120979,34719,8098
4/12/2020,2887,940,573,123866,35659,8671
4/13/2020,3311,1142,569,127177,36801,9240
4/14/2020,4144,969,507,131321,37770,9747
4/15/2020,3876,852,456,135197,38622,10203
4/16/2020,3530,773,412,138727,39395,10615
4/17/2020,3586,777,384,142313,40172,10999
4/18/2020,2172,575,390,144485,40747,11389
4/19/2020,2343,531,399,146828,41278,11788
4/20/2020,3792,621,364,150620,41899,12152
4/21/2020,3061,578,323,153681,42477,12475
4/22/2020,3446,509,311,157127,42986,12786
4/23/2020,2841,438,330,159968,43424,13116
4/24/2020,2535,461,314,162503,43885,13430
4/25/2020,1595,318,265,164098,44203,13695
4/26/2020,1003,306,245,165101,44509,13940
4/27/2020,2290,365,270,167391,44874,14210
4/28/2020,2726,347,229,170117,45221,14439
4/29/2020,2340,305,237,172457,45526,14676
4/30/2020,2022,250,223,174479,45776,14899
5/1/2020,1887,258,209,176366,46034,15108
5/2/2020,1058,201,189,177424,46235,15297
5/3/2020,787,213,177,178211,46448,15474
5/4/2020,1550,235,158,179761,46683,15632
5/5/2020,1512,209,151,181273,46892,15783
5/6/2020,1397,209,151,182670,47101,15934
5/7/2020,1238,173,141,183908,47274,16075
5/8/2020,1079,165,130,184987,47439,16205
5/9/2020,657,120,99,185644,47559,16304
5/10/2020,457,104,102,186101,47663,16406
5/11/2020,1231,179,103,187332,47842,16509
5/12/2020,1285,110,91,188617,47952,16600
5/13/2020,1333,127,83,189950,48079,16683
5/14/2020,1111,141,70,191061,48220,16753
5/15/2020,873,124,87,191934,48344,16840
5/16/2020,485,90,81,192419,48434,16921
5/17/2020,360,80,77,192779,48514,16998
5/18/2020,894,109,59,193673,48623,17057
5/19/2020,1003,112,55,194676,48735,17112
5/20/2020,1077,78,78,195753,48813,17190
5/21/2020,1069,82,44,196822,48895,17234
5/22/2020,1036,100,65,197858,48995,17299
5/23/2020,455,73,60,198313,49068,17359
5/24/2020,467,86,48,198780,49154,17407
5/25/2020,464,78,47,199244,49232,17454
5/26/2020,1050,74,36,200294,49306,17490
5/27/2020,741,75,48,201035,49381,17538
5/28/2020,646,79,37,201681,49460,17575
5/29/2020,638,84,43,202319,49544,17618
5/30/2020,346,54,52,202665,49598,17670
5/31/2020,230,60,39,202895,49658,17709
6/1/2020,686,81,33,203581,49739,17742
6/2/2020,570,62,37,204151,49801,17779
6/3/2020,515,72,42,204666,49873,17821
6/4/2020,517,74,33,205183,49947,17854
6/5/2020,402,53,27,205585,50000,17881
6/6/2020,247,37,34,205832,50037,17915
6/7/2020,197,54,24,206029,50091,17939
6/8/2020,447,60,38,206476,50151,17977
6/9/2020,419,65,30,206895,50216,18007
6/10/2020,363,63,32,207258,50279,18039
6/11/2020,363,49,21,207621,50328,18060
6/12/2020,409,52,22,208030,50380,18082
6/13/2020,196,35,15,208226,50415,18097
6/14/2020,180,46,22,208406,50461,18119
6/15/2020,380,52,19,208786,50513,18138
6/16/2020,419,61,16,209205,50574,18154
6/17/2020,356,49,20,209561,50623,18174
6/18/2020,378,56,15,209939,50679,18189
6/19/2020,361,45,15,210300,50724,18204
6/20/2020,203,25,16,210503,50749,18220
6/21/2020,172,43,22,210675,50792,18242
6/22/2020,402,48,18,211077,50840,18260
6/23/2020,381,44,17,211458,50884,18277
6/24/2020,381,52,18,211839,50936,18295
6/25/2020,298,42,15,212137,50978,18310
6/26/2020,317,33,17,212454,51011,18327
6/27/2020,206,42,12,212660,51053,18339
6/28/2020,201,32,11,212861,51085,18350
6/29/2020,437,47,16,213298,51132,18366
6/30/2020,441,43,11,213739,51175,18377
7/1/2020,396,38,9,214135,51213,18386
7/2/2020,416,45,16,214551,51258,18402
7/3/2020,233,30,11,214784,51288,18413
7/4/2020,120,30,5,214904,51318,18418
7/5/2020,155,28,8,215059,51346,18426
7/6/2020,431,54,7,215490,51400,18433
7/7/2020,461,47,6,215951,51447,18439
7/8/2020,437,34,13,216388,51481,18452
7/9/2020,392,46,5,216780,51527,18457
7/10/2020,307,44,5,217087,51571,18462
7/11/2020,259,34,8,217346,51605,18470
7/12/2020,223,26,4,217569,51631,18474
7/13/2020,483,49,13,218052,51680,18487
7/14/2020,403,43,10,218455,51723,18497
7/15/2020,439,43,12,218894,51766,18509
7/16/2020,411,34,6,219305,51800,18515
7/17/2020,413,49,9,219718,51849,18524
7/18/2020,216,26,9,219934,51875,18533
7/19/2020,176,38,7,220110,51913,18540
7/20/2020,404,38,7,220514,51951,18547
7/21/2020,341,24,6,220855,51975,18553
7/22/2020,328,40,6,221183,52015,18559
7/23/2020,309,32,7,221492,52047,18566
7/24/2020,299,40,5,221791,52087,18571
7/25/2020,153,35,10,221944,52122,18581
7/26/2020,140,25,7,222084,52147,18588
7/27/2020,313,37,3,222397,52184,18591
7/28/2020,313,37,12,222710,52221,18603
7/29/2020,287,30,4,222997,52251,18607
7/30/2020,274,36,4,223271,52287,18611
7/31/2020,262,33,3,223533,52320,18614
8/1/2020,189,26,6,223722,52346,18620
8/2/2020,135,33,1,223857,52379,18621
8/3/2020,348,38,2,224205,52417,18623
8/4/2020,187,32,3,224392,52449,18626
8/5/2020,298,38,5,224690,52487,18631
8/6/2020,288,34,5,224978,52521,18636
8/7/2020,255,23,2,225233,52544,18638
8/8/2020,160,20,4,225393,52564,18642
8/9/2020,133,26,3,225526,52590,18645
8/10/2020,312,41,5,225838,52631,18650
8/11/2020,263,25,4,226101,52656,18654
8/12/2020,320,30,1,226421,52686,18655
8/13/2020,276,38,1,226697,52724,18656
8/14/2020,277,38,2,226974,52762,18658
8/15/2020,151,23,4,227125,52785,18662
8/16/2020,140,21,5,227265,52806,18667
8/17/2020,333,33,5,227598,52839,18672
8/18/2020,283,39,1,227881,52878,18673
8/19/2020,257,35,1,228138,52913,18674
8/20/2020,227,36,6,228365,52949,18680
8/21/2020,252,31,3,228617,52980,18683
8/22/2020,136,27,6,228753,53007,18689
8/23/2020,150,22,3,228903,53029,18692
8/24/2020,297,36,8,229200,53065,18700
8/25/2020,283,40,3,229483,53105,18703
8/26/2020,313,27,6,229796,53132,18709
8/27/2020,274,31,1,230070,53163,18710
8/28/2020,280,22,4,230350,53185,18714
8/29/2020,128,21,2,230478,53206,18716
8/30/2020,186,20,4,230664,53226,18720
8/31/2020,315,42,1,230979,53268,18721
9/1/2020,294,20,3,231273,53288,18724
9/2/2020,271,28,4,231544,53316,18728
9/3/2020,273,18,2,231817,53334,18730
9/4/2020,230,31,5,232047,53365,18735
9/5/2020,156,22,3,232203,53387,18738
9/6/2020,207,31,6,232410,53418,18744
9/7/2020,217,19,0,232627,53437,18744
9/8/2020,393,26,2,233020,53463,18746
9/9/2020,353,31,2,233373,53494,18748
9/10/2020,323,25,3,233696,53519,18751
9/11/2020,313,31,4,234009,53550,18755
9/12/2020,202,11,4,234211,53561,18759
9/13/2020,263,17,3,234474,53578,18762
9/14/2020,461,32,5,234935,53610,18767
9/15/2020,415,29,3,235350,53639,18770
9/16/2020,456,46,6,235806,53685,18776
9/17/2020,441,33,3,236247,53718,18779
9/18/2020,292,36,3,236539,53754,18782
9/19/2020,217,21,5,236756,53775,18787
9/20/2020,220,24,5,236976,53799,18792
9/21/2020,558,29,3,237534,53828,18795
9/22/2020,497,34,3,238031,53862,18798
9/23/2020,612,38,4,238643,53900,18802
9/24/2020,542,41,2,239185,53941,18804
9/25/2020,463,46,5,239648,53987,18809
9/26/2020,280,26,5,239928,54013,18814
9/27/2020,382,35,2,240310,54048,18816
9/28/2020,437,38,3,240747,54086,18819
9/29/2020,723,50,6,241470,54136,18825
9/30/2020,606,50,7,242076,54186,18832
10/1/2020,705,41,6,242781,54227,18838
10/2/2020,605,48,3,243386,54275,18841
10/3/2020,299,25,5,243685,54300,18846
10/4/2020,335,43,7,244020,54343,18853
10/5/2020,766,55,0,244786,54398,18853
10/6/2020,571,47,3,245357,54445,18856
10/7/2020,541,45,4,245898,54490,18860
10/8/2020,526,47,5,246424,54537,18865
10/9/2020,524,54,2,246948,54591,18867
10/10/2020,314,38,4,247262,54629,18871
10/11/2020,281,49,7,247543,54678,18878
10/12/2020,515,51,8,248058,54729,18886
10/13/2020,588,49,5,248646,54778,18891
10/14/2020,583,58,6,249229,54836,18897
10/15/2020,603,74,8,249832,54910,18905
10/16/2020,504,48,6,250336,54958,18911
10/17/2020,366,35,5,250702,54993,18916
10/18/2020,412,40,4,251114,55033,18920
10/19/2020,626,68,7,251740,55101,18927
10/20/2020,601,72,5,252341,55173,18932
10/21/2020,654,52,5,252995,55225,18937
10/22/2020,759,53,3,253754,55278,18940
10/23/2020,601,60,4,254355,55338,18944
10/24/2020,386,47,1,254741,55385,18945
10/25/2020,362,44,9,255103,55429,18954
10/26/2020,695,55,4,255798,55484,18958
10/27/2020,742,46,9,256540,55530,18967
10/28/2020,783,44,4,257323,55574,18971
10/29/2020,621,59,4,257944,55633,18975
10/30/2020,654,59,10,258598,55692,18985
10/31/2020,403,47,4,259001,55739,18989
11/1/2020,501,53,12,259502,55792,19001
11/2/2020,953,63,9,260455,55855,19010
11/3/2020,903,75,13,261358,55930,19023
11/4/2020,1113,68,9,262471,55998,19032
11/5/2020,1139,85,9,263610,56083,19041
11/6/2020,1037,63,10,264647,56146,19051
11/7/2020,845,60,13,265492,56206,19064
11/8/2020,788,64,8,266280,56270,19072
11/9/2020,1545,78,5,267825,56348,19077
11/10/2020,1598,87,7,269423,56435,19084
11/11/2020,1540,98,9,270963,56533,19093
11/12/2020,1501,78,16,272464,56611,19109
11/13/2020,1494,91,6,273958,56702,19115
11/14/2020,1025,99,9,274983,56801,19124
11/15/2020,896,89,14,275879,56890,19138
11/16/2020,1832,124,8,277711,57014,19146
11/17/2020,1730,101,10,279441,57115,19156
11/18/2020,1753,119,10,281194,57234,19166
11/19/2020,1857,131,9,283051,57365,19175
11/20/2020,1773,134,6,284824,57499,19181
11/21/2020,1290,118,11,286114,57617,19192
11/22/2020,1148,113,10,287262,57730,19202
11/23/2020,2317,146,13,289579,57876,19215
11/24/2020,2074,130,16,291653,58006,19231
11/25/2020,2371,138,12,294024,58144,19243
11/26/2020,817,154,8,294841,58298,19251
11/27/2020,2299,156,14,297140,58454,19265
11/28/2020,1840,126,13,298980,58580,19278
11/29/2020,1891,163,15,300871,58743,19293
11/30/2020,2895,186,18,303766,58929,19311
12/1/2020,3309,200,20,307075,59129,19331
12/2/2020,3130,172,26,310205,59301,19357
12/3/2020,2945,216,18,313150,59517,19375
12/4/2020,2817,181,26,315967,59698,19401
12/5/2020,1887,175,23,317854,59873,19424
12/6/2020,1754,174,21,319608,60047,19445
12/7/2020,3305,218,19,322913,60265,19464
12/8/2020,3060,217,22,325973,60482,19486
12/9/2020,3106,269,27,329079,60751,19513
12/10/2020,3149,245,24,332228,60996,19537
12/11/2020,2979,243,30,335207,61239,19567
12/12/2020,2206,207,33,337413,61446,19600
12/13/2020,2177,224,26,339590,61670,19626
12/14/2020,3582,263,30,343172,61933,19656
12/15/2020,3681,234,32,346853,62167,19688
12/16/2020,2788,213,39,349641,62380,19727
12/17/2020,1926,226,35,351567,62606,19762
12/18/2020,3427,271,39,354994,62877,19801
12/19/2020,2557,238,30,357551,63115,19831
12/20/2020,2346,242,30,359897,63357,19861
12/21/2020,4339,326,41,364236,63683,19902
12/22/2020,4103,284,52,368339,63967,19954
12/23/2020,3844,298,39,372183,64265,19993
12/24/2020,3016,275,39,375199,64540,20032
12/25/2020,1046,264,38,376245,64804,20070
12/26/2020,3454,262,37,379699,65066,20107
12/27/2020,2888,241,45,382587,65307,20152
12/28/2020,5393,349,42,387980,65656,20194
12/29/2020,5207,322,49,393187,65978,20243
12/30/2020,4985,314,41,398172,66292,20284
12/31/2020,3391,282,40,401563,66574,20324
1/1/2021,1340,295,35,402903,66869,20359
1/2/2021,4200,324,57,407103,67193,20416
1/3/2021,3466,295,39,410569,67488,20455
1/4/2021,6608,407,61,417177,67895,20516
1/5/2021,6158,350,65,423335,68245,20581
1/6/2021,5689,378,59,429024,68623,20640
1/7/2021,5446,358,52,434470,68981,20692
1/8/2021,5304,353,60,439774,69334,20752
1/9/2021,3693,328,69,443467,69662,20821
1/10/2021,3200,306,52,446667,69968,20873
1/11/2021,5921,398,58,452588,70366,20931
1/12/2021,5242,392,73,457830,70758,21004
1/13/2021,5181,425,66,463011,71183,21070
1/14/2021,5260,428,65,468271,71611,21135
1/15/2021,4848,386,62,473119,71997,21197
1/16/2021,3481,369,66,476600,72366,21263
1/17/2021,2918,334,55,479518,72700,21318
1/18/2021,4645,439,73,484163,73139,21391
1/19/2021,5142,386,82,489305,73525,21473
1/20/2021,4909,369,74,494214,73894,21547
1/21/2021,4944,414,64,499158,74308,21611
1/22/2021,4715,426,78,503873,74734,21689
1/23/2021,3461,322,78,507334,75056,21767
1/24/2021,2929,332,68,510263,75388,21835
1/25/2021,5814,402,63,516077,75790,21898
1/26/2021,4865,362,79,520942,76152,21977
1/27/2021,5006,421,91,525948,76573,22068
1/28/2021,4794,390,86,530742,76963,22154
1/29/2021,3671,406,87,534413,77369,22241
1/30/2021,2877,267,78,537290,77636,22319
1/31/2021,2895,303,73,540185,77939,22392
2/1/2021,979,285,64,541164,78224,22456
2/2/2021,2659,397,76,543823,78621,22532
2/3/2021,5145,434,76,548968,79055,22608
2/4/2021,4852,427,90,553820,79482,22698
2/5/2021,4159,437,81,557979,79919,22779
2/6/2021,3080,355,77,561059,80274,22856
2/7/2021,1645,309,77,562704,80583,22933
2/8/2021,4431,386,81,567135,80969,23014
2/9/2021,3735,393,70,570870,81362,23084
2/10/2021,3779,353,78,574649,81715,23162
2/11/2021,3417,316,96,578066,82031,23258
2/12/2021,3315,340,80,581381,82371,23338
2/13/2021,2209,278,82,583590,82649,23420
2/14/2021,1895,241,80,585485,82890,23500
2/15/2021,2862,317,82,588347,83207,23582
2/16/2021,3724,349,85,592071,83556,23667
2/17/2021,3436,290,80,595507,83846,23747
2/18/2021,2049,258,55,597556,84104,23802
2/19/2021,3019,297,55,600575,84401,23857
2/20/2021,2495,293,69,603070,84694,23926
2/21/2021,2286,268,59,605356,84962,23985
2/22/2021,3625,346,72,608981,85308,24057
2/23/2021,3472,324,73,612453,85632,24130
2/24/2021,3463,348,78,615916,85980,24208
2/25/2021,3481,290,72,619397,86270,24280
2/26/2021,3241,326,71,622638,86596,24351
2/27/2021,2018,237,65,624656,86833,24416
2/28/2021,2038,243,69,626694,87076,24485
3/1/2021,3728,320,62,630422,87396,24547
3/2/2021,3108,272,53,633530,87668,24600
3/3/2021,3245,303,71,636775,87971,24671
3/4/2021,3119,295,61,639894,88266,24732
3/5/2021,2887,253,53,642781,88519,24785
3/6/2021,2041,239,56,644822,88758,24841
3/7/2021,1876,245,60,646698,89003,24901
3/8/2021,3401,293,67,650099,89296,24968
3/9/2021,3343,277,71,653442,89573,25039
3/10/2021,3205,278,63,656647,89851,25102
3/11/2021,3106,287,56,659753,90138,25158
3/12/2021,3205,289,73,662958,90427,25231
3/13/2021,2174,219,61,665132,90646,25292
3/14/2021,1928,250,39,667060,90896,25331
3/15/2021,3394,292,44,670454,91188,25375
3/16/2021,3196,246,64,673650,91434,25439
3/17/2021,3175,274,45,676825,91708,25484
3/18/2021,2923,301,58,679748,92009,25542
3/19/2021,3042,256,46,682790,92265,25588
3/20/2021,2162,259,48,684952,92524,25636
3/21/2021,2094,269,49,687046,92793,25685
3/22/2021,3882,324,54,690928,93117,25739
3/23/2021,3256,282,54,694184,93399,25793
3/24/2021,3453,289,42,697637,93688,25835
3/25/2021,3798,308,68,701435,93996,25903
3/26/2021,3415,307,65,704850,94303,25968
3/27/2021,2220,264,53,707070,94567,26021
3/28/2021,1750,208,57,708820,94775,26078
3/29/2021,3558,302,48,712378,95077,26126
3/30/2021,3186,263,42,715564,95340,26168
3/31/2021,3185,290,61,718749,95630,26229
4/1/2021,2866,262,58,721615,95892,26287
4/2/2021,2623,262,53,724238,96154,26340
4/3/2021,2049,234,48,726287,96388,26388
4/4/2021,1466,213,47,727753,96601,26435
4/5/2021,3271,267,54,731024,96868,26489
4/6/2021,3005,225,47,734029,97093,26536
4/7/2021,2764,219,42,736793,97312,26578
4/8/2021,2576,217,54,739369,97529,26632
4/9/2021,2466,206,53,741835,97735,26685
4/10/2021,1724,190,48,743559,97925,26733
4/11/2021,1315,160,54,744874,98085,26787
4/12/2021,2537,202,41,747411,98287,26828
4/13/2021,2366,203,36,749777,98490,26864
4/14/2021,2241,190,35,752018,98680,26899
4/15/2021,2017,218,42,754035,98898,26941
4/16/2021,1830,196,30,755865,99094,26971
4/17/2021,1276,163,35,757141,99257,27006
4/18/2021,1050,165,35,758191,99422,27041
4/19/2021,1885,177,42,760076,99599,27083
4/20/2021,1607,154,34,761683,99753,27117
4/21/2021,1423,116,35,763106,99869,27152
4/22/2021,1359,157,40,764465,100026,27192
4/23/2021,1288,151,46,765753,100177,27238
4/24/2021,854,100,29,766607,100277,27267
4/25/2021,754,119,24,767361,100396,27291
4/26/2021,1372,145,30,768733,100541,27321
4/27/2021,1138,114,31,769871,100655,27352
4/28/2021,1210,124,30,771081,100779,27382
4/29/2021,1053,115,32,772134,100894,27414
4/30/2021,950,91,38,773084,100985,27452
5/1/2021,578,75,31,773662,101060,27483
5/2/2021,568,72,29,774230,101132,27512
5/3/2021,935,89,23,775165,101221,27535
5/4/2021,876,96,25,776041,101317,27560
5/5/2021,778,81,26,776819,101398,27586
5/6/2021,784,81,27,777603,101479,27613
5/7/2021,715,72,35,778318,101551,27648
5/8/2021,384,63,24,778702,101614,27672
5/9/2021,343,60,26,779045,101674,27698
5/10/2021,654,70,25,779699,101744,27723
5/11/2021,628,70,21,780327,101814,27744
5/12/2021,594,63,18,780921,101877,27762
5/13/2021,516,65,23,781437,101942,27785
5/14/2021,487,68,28,781924,102010,27813
5/15/2021,292,41,10,782216,102051,27823
5/16/2021,280,39,16,782496,102090,27839
5/17/2021,452,72,16,782948,102162,27855
5/18/2021,415,51,14,783363,102213,27869
5/19/2021,377,56,13,783740,102269,27882
5/20/2021,397,65,14,784137,102334,27896
5/21/2021,349,51,13,784486,102385,27909
5/22/2021,233,35,17,784719,102420,27926
5/23/2021,187,46,10,784906,102466,27936
5/24/2021,355,35,10,785261,102501,27946
5/25/2021,305,41,7,785566,102542,27953
5/26/2021,249,33,3,785815,102575,27956
5/27/2021,257,45,9,786072,102620,27965
5/28/2021,210,35,12,786282,102655,27977
5/29/2021,126,25,9,786408,102680,27986
5/30/2021,118,27,8,786526,102707,27994
5/31/2021,118,17,12,786644,102724,28006
6/1/2021,289,33,12,786933,102757,28018
6/2/2021,244,44,11,787177,102801,28029
6/3/2021,206,29,10,787383,102830,28039
6/4/2021,225,25,7,787608,102855,28046
6/5/2021,143,16,6,787751,102871,28052
6/6/2021,130,23,5,787881,102894,28057
6/7/2021,222,32,6,788103,102926,28063
6/8/2021,176,35,10,788279,102961,28073
6/9/2021,211,23,9,788490,102984,28082
6/10/2021,156,25,6,788646,103009,28088
6/11/2021,188,22,8,788834,103031,28096
6/12/2021,121,21,4,788955,103052,28100
6/13/2021,115,30,6,789070,103082,28106
6/14/2021,182,25,7,789252,103107,28113
6/15/2021,179,25,6,789431,103132,28119
6/16/2021,173,23,7,789604,103155,28126
6/17/2021,188,28,9,789792,103183,28135
6/18/2021,160,19,8,789952,103202,28143
6/19/2021,107,13,11,790059,103215,28154
6/20/2021,96,25,5,790155,103240,28159
6/21/2021,168,29,3,790323,103269,28162
6/22/2021,171,34,7,790494,103303,28169
6/23/2021,187,24,5,790681,103327,28174
6/24/2021,175,14,5,790856,103341,28179
6/25/2021,180,18,5,791036,103359,28184
6/26/2021,118,18,3,791154,103377,28187
6/27/2021,109,22,1,791263,103399,28188
6/28/2021,206,26,6,791469,103425,28194
6/29/2021,212,21,4,791681,103446,28198
6/30/2021,226,20,4,791907,103466,28202
7/1/2021,204,31,4,792111,103497,28206
7/2/2021,233,35,6,792344,103532,28212
7/3/2021,146,21,6,792490,103553,28218
7/4/2021,124,23,3,792614,103576,28221
7/5/2021,187,15,2,792801,103591,28223
7/6/2021,364,24,3,793165,103615,28226
7/7/2021,402,23,2,793567,103638,28228
7/8/2021,369,23,2,793936,103661,28230
7/9/2021,371,35,2,794307,103696,28232
7/10/2021,238,20,2,794545,103716,28234
7/11/2021,272,27,4,794817,103743,28238
7/12/2021,477,24,4,795294,103767,28242
7/13/2021,457,26,3,795751,103793,28245
7/14/2021,549,46,2,796300,103839,28247
7/15/2021,553,28,5,796853,103867,28252
7/16/2021,557,37,5,797410,103904,28257
7/17/2021,340,37,7,797750,103941,28264
7/18/2021,395,38,2,798145,103979,28266
7/19/2021,813,53,4,798958,104032,28270
7/20/2021,708,53,4,799666,104085,28274
7/21/2021,893,46,1,800559,104131,28275
7/22/2021,976,52,3,801535,104183,28278
7/23/2021,918,51,3,802453,104234,28281
7/24/2021,552,41,2,803005,104275,28283
7/25/2021,637,41,4,803642,104316,28287
7/26/2021,1224,62,1,804866,104378,28288
7/27/2021,1200,71,5,806066,104449,28293
7/28/2021,1243,76,6,807309,104525,28299
7/29/2021,1290,76,7,808599,104601,28306
7/30/2021,1280,78,9,809879,104679,28315
7/31/2021,850,70,4,810729,104749,28319
8/1/2021,831,48,11,811560,104797,28330
8/2/2021,1569,73,4,813129,104870,28334
8/3/2021,1584,99,2,814713,104969,28336
8/4/2021,1612,87,8,816325,105056,28344
8/5/2021,1525,88,6,817850,105144,28350
8/6/2021,1577,113,12,819427,105257,28362
8/7/2021,1149,85,14,820576,105342,28376
8/8/2021,1072,99,6,821648,105441,28382
8/9/2021,1894,129,9,823542,105570,28391
8/10/2021,1666,119,6,825208,105689,28397
8/11/2021,1753,135,9,826961,105824,28406
8/12/2021,1758,121,6,828719,105945,28412
8/13/2021,1599,139,9,830318,106084,28421
8/14/2021,1049,92,10,831367,106176,28431
8/15/2021,1143,111,6,832510,106287,28437
8/16/2021,1929,131,6,834439,106418,28443
8/17/2021,1744,135,16,836183,106553,28459
8/18/2021,1815,107,13,837998,106660,28472
8/19/2021,1693,98,14,839691,106758,28486
8/20/2021,1561,122,6,841252,106880,28492
8/21/2021,1091,113,16,842343,106993,28508
8/22/2021,718,104,10,843061,107097,28518
8/23/2021,1952,118,12,845013,107215,28530
8/24/2021,1837,108,11,846850,107323,28541
8/25/2021,1785,107,8,848635,107430,28549
8/26/2021,1644,104,13,850279,107534,28562
8/27/2021,1451,108,10,851730,107642,28572
8/28/2021,986,84,14,852716,107726,28586
8/29/2021,989,93,13,853705,107819,28599
8/30/2021,1838,119,13,855543,107938,28612
8/31/2021,1623,122,10,857166,108060,28622
9/1/2021,1557,124,13,858723,108184,28635
9/2/2021,1431,93,11,860154,108277,28646
9/3/2021,1422,78,8,861576,108355,28654
9/4/2021,905,108,12,862481,108463,28666
9/5/2021,954,73,13,863435,108536,28679
9/6/2021,942,74,16,864377,108610,28695
9/7/2021,1571,110,7,865948,108720,28702
9/8/2021,1592,98,20,867540,108818,28722
9/9/2021,1713,100,18,869253,108918,28740
9/10/2021,1548,98,15,870801,109016,28755
9/11/2021,1037,84,15,871838,109100,28770
9/12/2021,1213,88,11,873051,109188,28781
9/13/2021,1740,104,12,874791,109292,28793
9/14/2021,1641,81,9,876432,109373,28802
9/15/2021,1610,94,10,878042,109467,28812
9/16/2021,1387,83,11,879429,109550,28823
9/17/2021,1524,88,11,880953,109638,28834
9/18/2021,956,86,10,881909,109724,28844
9/19/2021,1057,69,16,882966,109793,28860
9/20/2021,1640,98,15,884606,109891,28875
9/21/2021,1304,84,14,885910,109975,28889
9/22/2021,1415,97,13,887325,110072,28902
9/23/2021,1292,98,11,888617,110170,28913
9/24/2021,1223,79,8,889840,110249,28921
9/25/2021,814,69,15,890654,110318,28936
9/26/2021,856,55,15,891510,110373,28951
9/27/2021,1391,74,17,892901,110447,28968
9/28/2021,1118,65,13,894019,110512,28981
9/29/2021,1097,64,13,895116,110576,28994
9/30/2021,1137,64,8,896253,110640,29002
10/1/2021,1087,81,8,897340,110721,29010
10/2/2021,681,63,12,898021,110784,29022
10/3/2021,908,61,12,898929,110845,29034
10/4/2021,1272,77,12,900201,110922,29046
10/5/2021,1271,71,6,901472,110993,29052
10/6/2021,1147,62,16,902619,111055,29068
10/7/2021,1080,62,13,903699,111117,29081
10/8/2021,1013,45,15,904712,111162,29096
10/9/2021,612,67,8,905324,111229,29104
10/10/2021,688,51,16,906012,111280,29120
10/11/2021,935,55,9,906947,111335,29129
10/12/2021,1144,48,3,908091,111383,29132
10/13/2021,1110,73,9,909201,111456,29141
10/14/2021,1026,49,8,910227,111505,29149
10/15/2021,884,61,8,911111,111566,29157
10/16/2021,488,56,6,911599,111622,29163
10/17/2021,586,47,9,912185,111669,29172
10/18/2021,874,58,11,913059,111727,29183
10/19/2021,798,50,10,913857,111777,29193
10/20/2021,800,51,6,914657,111828,29199
10/21/2021,811,50,13,915468,111878,29212
10/22/2021,694,45,9,916162,111923,29221
10/23/2021,451,42,10,916613,111965,29231
10/24/2021,444,44,14,917057,112009,29245
10/25/2021,896,35,9,917953,112044,29254
10/26/2021,597,43,7,918550,112087,29261
10/27/2021,759,49,9,919309,112136,29270
10/28/2021,737,38,7,920046,112174,29277
10/29/2021,641,31,4,920687,112205,29281
10/30/2021,400,30,9,921087,112235,29290
10/31/2021,446,31,7,921533,112266,29297
11/1/2021,780,39,4,922313,112305,29301
11/2/2021,806,50,9,923119,112355,29310
11/3/2021,825,53,6,923944,112408,29316
11/4/2021,906,38,4,924850,112446,29320
11/5/2021,769,34,6,925619,112480,29326
11/6/2021,507,40,11,926126,112520,29337
11/7/2021,543,32,8,926669,112552,29345
11/8/2021,1135,43,8,927804,112595,29353
11/9/2021,1037,33,12,928841,112628,29365
11/10/2021,1049,46,6,929890,112674,29371
11/11/2021,875,49,6,930765,112723,29377
11/12/2021,1028,42,14,931793,112765,29391
11/13/2021,614,43,6,932407,112808,29397
11/14/2021,687,38,5,933094,112846,29402
11/15/2021,1263,48,9,934357,112894,29411
11/16/2021,1272,42,10,935629,112936,29421
11/17/2021,1329,51,7,936958,112987,29428
11/18/2021,1310,54,7,938268,113041,29435
11/19/2021,1184,51,8,939452,113092,29443
11/20/2021,827,47,10,940279,113139,29453
11/21/2021,840,42,4,941119,113181,29457
11/22/2021,1529,56,6,942648,113237,29463
11/23/2021,1381,63,6,944029,113300,29469
11/24/2021,1416,67,13,945445,113367,29482
11/25/2021,531,68,7,945976,113435,29489
11/26/2021,1171,75,9,947147,113510,29498
11/27/2021,972,62,9,948119,113572,29507
11/28/2021,1060,53,9,949179,113625,29516
11/29/2021,2327,81,10,951506,113706,29526
11/30/2021,2006,87,6,953512,113793,29532
12/1/2021,2180,88,16,955692,113881,29548
12/2/2021,2108,88,14,957800,113969,29562
12/3/2021,1893,103,13,959693,114072,29575
12/4/2021,1321,84,10,961014,114156,29585
12/5/2021,1404,103,14,962418,114259,29599
12/6/2021,2798,140,8,965216,114399,29607
12/7/2021,2923,133,15,968139,114532,29622
12/8/2021,3136,139,7,971275,114671,29629
12/9/2021,3022,140,10,974297,114811,29639
12/10/2021,3089,164,16,977386,114975,29655
12/11/2021,2158,127,8,979544,115102,29663
12/12/2021,2795,137,17,982339,115239,29680
12/13/2021,7529,195,21,989868,115434,29701
12/14/2021,10878,202,18,1000746,115636,29719
12/15/2021,13169,221,10,1013915,115857,29729
12/16/2021,13868,331,12,1027783,116188,29741
12/17/2021,13549,300,23,1041332,116488,29764
12/18/2021,9948,283,18,1051280,116771,29782
12/19/2021,10564,337,24,1061844,117108,29806
12/20/2021,27962,411,13,1089806,117519,29819
12/21/2021,30409,456,11,1120215,117975,29830
12/22/2021,31406,679,28,1151621,118654,29858
12/23/2021,31828,680,22,1183449,119334,29880
12/24/2021,17486,574,40,1200935,119908,29920
12/25/2021,7800,604,33,1208735,120512,29953
12/26/2021,23004,735,34,1231739,121247,29987
12/27/2021,51275,957,36,1283014,122204,30023
12/28/2021,49719,859,36,1332733,123063,30059
12/29/2021,50530,938,42,1383263,124001,30101
12/30/2021,47483,1032,33,1430746,125033,30134
12/31/2021,29164,820,57,1459910,125853,30191
1/1/2022,12066,869,56,1471976,126722,30247
1/2/2022,32527,1289,61,1504503,128011,30308
1/3/2022,55009,1126,68,1559512,129137,30376
1/4/2022,49237,1006,77,1608749,130143,30453
1/5/2022,40260,1120,79,1649009,131263,30532
1/6/2022,36389,943,92,1685398,132206,30624
1/7/2022,23215,816,85,1708613,133022,30709
1/8/2022,16198,755,97,1724811,133777,30806
1/9/2022,14359,723,120,1739170,134500,30926
1/10/2022,25042,916,108,1764212,135416,31034
1/11/2022,18536,758,131,1782748,136174,31165
1/12/2022,18438,752,118,1801186,136926,31283
1/13/2022,16099,718,124,1817285,137644,31407
1/14/2022,13290,683,129,1830575,138327,31536
1/15/2022,6759,508,97,1837334,138835,31633
1/16/2022,6893,447,112,1844227,139282,31745
1/17/2022,9835,536,103,1854062,139818,31848
1/18/2022,10921,506,116,1864983,140324,31964
1/19/2022,9035,429,90,1874018,140753,32054
1/20/2022,7042,459,113,1881060,141212,32167
1/21/2022,5798,394,106,1886858,141606,32273
1/22/2022,3633,319,85,1890491,141925,32358
1/23/2022,3399,278,97,1893890,142203,32455
1/24/2022,6017,351,110,1899907,142554,32565
1/25/2022,4763,345,101,1904670,142899,32666
1/26/2022,4196,279,108,1908866,143178,32774
1/27/2022,3634,272,79,1912500,143450,32853
1/28/2022,2725,204,94,1915225,143654,32947
1/29/2022,512,139,76,1915737,143793,33023
1/30/2022,1426,143,83,1917163,143936,33106
1/31/2022,3111,205,86,1920274,144141,33192
2/1/2022,2239,175,72,1922513,144316,33264
2/2/2022,2327,161,90,1924840,144477,33354
2/3/2022,2002,139,71,1926842,144616,33425
2/4/2022,1539,149,51,1928381,144765,33476
2/5/2022,946,116,48,1929327,144881,33524
2/6/2022,869,105,53,1930196,144986,33577
2/7/2022,1602,102,37,1931798,145088,33614
2/8/2022,1515,127,56,1933313,145215,33670
2/9/2022,1318,113,48,1934631,145328,33718
2/10/2022,1225,87,43,1935856,145415,33761
2/11/2022,983,106,41,1936839,145521,33802
2/12/2022,636,69,31,1937475,145590,33833
2/13/2022,458,56,44,1937933,145646,33877
2/14/2022,1017,76,22,1938950,145722,33899
2/15/2022,941,71,24,1939891,145793,33923
2/16/2022,937,68,30,1940828,145861,33953
2/17/2022,832,72,40,1941660,145933,33993
2/18/2022,663,60,34,1942323,145993,34027
2/19/2022,425,47,31,1942748,146040,34058
2/20/2022,382,38,16,1943130,146078,34074
2/21/2022,559,38,29,1943689,146116,34103
2/22/2022,686,54,12,1944375,146170,34115
2/23/2022,703,40,18,1945078,146210,34133
2/24/2022,661,42,18,1945739,146252,34151
2/25/2022,539,43,17,1946278,146295,34168
2/26/2022,337,28,6,1946615,146323,34174
2/27/2022,360,29,18,1946975,146352,34192
2/28/2022,706,51,6,1947681,146403,34198
3/1/2022,611,43,19,1948292,146446,34217
3/2/2022,644,41,17,1948936,146487,34234
3/3/2022,587,40,8,1949523,146527,34242
3/4/2022,461,40,10,1949984,146567,34252
3/5/2022,317,26,11,1950301,146593,34263
3/6/2022,340,20,8,1950641,146613,34271
3/7/2022,656,22,10,1951297,146635,34281
3/8/2022,682,23,5,1951979,146658,34286
3/9/2022,625,26,11,1952604,146684,34297
3/10/2022,699,28,9,1953303,146712,34306
3/11/2022,605,22,8,1953908,146734,34314
3/12/2022,300,20,9,1954208,146754,34323
3/13/2022,435,24,9,1954643,146778,34332
3/14/2022,904,32,15,1955547,146810,34347
3/15/2022,848,29,9,1956395,146839,34356
3/16/2022,872,24,8,1957267,146863,34364
3/17/2022,754,28,4,1958021,146891,34368
3/18/2022,803,33,6,1958824,146924,34374
3/19/2022,448,22,5,1959272,146946,34379
3/20/2022,653,25,8,1959925,146971,34387
3/21/2022,1311,26,3,1961236,146997,34390
3/22/2022,1286,29,4,1962522,147026,34394
3/23/2022,1267,22,4,1963789,147048,34398
3/24/2022,1177,24,5,1964966,147072,34403
3/25/2022,1095,37,5,1966061,147109,34408
3/26/2022,678,25,4,1966739,147134,34412
3/27/2022,775,22,6,1967514,147156,34418
3/28/2022,1515,31,4,1969029,147187,34422
3/29/2022,1437,29,5,1970466,147216,34427
3/30/2022,1514,39,5,1971980,147255,34432
3/31/2022,1509,43,3,1973489,147298,34435
4/1/2022,1338,33,5,1974827,147331,34440
4/2/2022,877,29,2,1975704,147360,34442
4/3/2022,904,25,4,1976608,147385,34446
4/4/2022,2157,38,5,1978765,147423,34451
4/5/2022,1978,48,4,1980743,147471,34455
4/6/2022,2092,43,3,1982835,147514,34458
4/7/2022,2009,45,2,1984844,147559,34460
4/8/2022,1886,46,3,1986730,147605,34463
4/9/2022,1171,41,5,1987901,147646,34468
4/10/2022,1189,42,7,1989090,147688,34475
4/11/2022,2592,56,2,1991682,147744,34477
4/12/2022,2428,44,5,1994110,147788,34482
4/13/2022,2607,49,2,1996717,147837,34484
4/14/2022,2306,48,7,1999023,147885,34491
4/15/2022,2005,54,6,2001028,147939,34497
4/16/2022,1205,40,4,2002233,147979,34501
4/17/2022,966,50,4,2003199,148029,34505
4/18/2022,2350,58,3,2005549,148087,34508
4/19/2022,2303,60,5,2007852,148147,34513
4/20/2022,2170,46,1,2010022,148193,34514
4/21/2022,1997,60,4,2012019,148253,34518
4/22/2022,1817,85,6,2013836,148338,34524
4/23/2022,1411,56,3,2015247,148394,34527
4/24/2022,1462,49,4,2016709,148443,34531
4/25/2022,2918,65,3,2019627,148508,34534
4/26/2022,2951,69,7,2022578,148577,34541
4/27/2022,2790,88,4,2025368,148665,34545
4/28/2022,2672,75,4,2028040,148740,34549
4/29/2022,2786,76,3,2030826,148816,34552
4/30/2022,1619,70,5,2032445,148886,34557
5/1/2022,1878,61,3,2034323,148947,34560
5/2/2022,3894,68,5,2038217,149015,34565
5/3/2022,3778,87,5,2041995,149102,34570
5/4/2022,3720,85,4,2045715,149187,34574
5/5/2022,3572,101,4,2049287,149288,34578
5/6/2022,3084,83,6,2052371,149371,34584
5/7/2022,1854,76,7,2054225,149447,34591
5/8/2022,1974,66,3,2056199,149513,34594
5/9/2022,4353,100,8,2060552,149613,34602
5/10/2022,4044,102,1,2064596,149715,34603
5/11/2022,4084,102,11,2068680,149817,34614
5/12/2022,3996,96,9,2072676,149913,34623
5/13/2022,3533,123,2,2076209,150036,34625
5/14/2022,2434,103,12,2078643,150139,34637
5/15/2022,2240,83,9,2080883,150222,34646
5/16/2022,4508,121,5,2085391,150343,34651
5/17/2022,4155,119,7,2089546,150462,34658
5/18/2022,4258,108,8,2093804,150570,34666
5/19/2022,3753,76,5,2097557,150646,34671
5/20/2022,3437,126,9,2100994,150772,34680
5/21/2022,2454,131,13,2103448,150903,34693
5/22/2022,2333,111,5,2105781,151014,34698
5/23/2022,4704,133,10,2110485,151147,34708
5/24/2022,3957,105,14,2114442,151252,34722
5/25/2022,3885,133,11,2118327,151385,34733
5/26/2022,3308,117,6,2121635,151502,34739
5/27/2022,2962,89,8,2124597,151591,34747
5/28/2022,2006,70,8,2126603,151661,34755
5/29/2022,1788,86,12,2128391,151747,34767
5/30/2022,1724,95,5,2130115,151842,34772
5/31/2022,4284,119,7,2134399,151961,34779
6/1/2022,3608,105,9,2138007,152066,34788
6/2/2022,3199,111,13,2141206,152177,34801
6/3/2022,2802,94,9,2144008,152271,34810
6/4/2022,1774,65,10,2145782,152336,34820
6/5/2022,1668,77,10,2147450,152413,34830
6/6/2022,3326,117,15,2150776,152530,34845
6/7/2022,2914,89,7,2153690,152619,34852
6/8/2022,2922,122,16,2156612,152741,34868
6/9/2022,2538,113,11,2159150,152854,34879
6/10/2022,2416,99,12,2161566,152953,34891
6/11/2022,1460,89,13,2163026,153042,34904
6/12/2022,1512,78,12,2164538,153120,34916
6/13/2022,3125,122,6,2167663,153242,34922
6/14/2022,2866,115,3,2170529,153357,34925
6/15/2022,2833,127,5,2173362,153484,34930
6/16/2022,2469,127,12,2175831,153611,34942
6/17/2022,2445,109,8,2178276,153720,34950
6/18/2022,1805,83,6,2180081,153803,34956
6/19/2022,1576,94,3,2181657,153897,34959
6/20/2022,2444,114,8,2184101,154011,34967
6/21/2022,3665,136,12,2187766,154147,34979
6/22/2022,3295,136,7,2191061,154283,34986
6/23/2022,2946,114,10,2194007,154397,34996
6/24/2022,2817,146,14,2196824,154543,35010
6/25/2022,2066,102,11,2198890,154645,35021
6/26/2022,2059,119,6,2200949,154764,35027
6/27/2022,3797,133,11,2204746,154897,35038
6/28/2022,3633,123,11,2208379,155020,35049
6/29/2022,3604,142,9,2211983,155162,35058
6/30/2022,3150,162,8,2215133,155324,35066
7/1/2022,3112,140,8,2218245,155464,35074
7/2/2022,2216,119,9,2220461,155583,35083
7/3/2022,2213,127,13,2222674,155710,35096
7/4/2022,1737,118,12,2224411,155828,35108
7/5/2022,5231,169,10,2229642,155997,35118
7/6/2022,4356,181,5,2233998,156178,35123
7/7/2022,4234,188,8,2238232,156366,35131
7/8/2022,3814,162,4,2242046,156528,35135
7/9/2022,2551,136,13,2244597,156664,35148
7/10/2022,2455,148,8,2247052,156812,35156
7/11/2022,4986,200,5,2252038,157012,35161
7/12/2022,4245,200,12,2256283,157212,35173
7/13/2022,3978,178,13,2260261,157390,35186
7/14/2022,3906,179,13,2264167,157569,35199
7/15/2022,3747,186,11,2267914,157755,35210
7/16/2022,2360,155,6,2270274,157910,35216
7/17/2022,2389,154,19,2272663,158064,35235
7/18/2022,4363,202,13,2277026,158266,35248
7/19/2022,4077,194,10,2281103,158460,35258
7/20/2022,3835,189,15,2284938,158649,35273
7/21/2022,3435,188,14,2288373,158837,35287
7/22/2022,3215,154,17,2291588,158991,35304
7/23/2022,2180,142,19,2293768,159133,35323
7/24/2022,2033,128,13,2295801,159261,35336
7/25/2022,4289,200,17,2300090,159461,35353
7/26/2022,3885,164,12,2303975,159625,35365
7/27/2022,3656,173,15,2307631,159798,35380
7/28/2022,3223,139,14,2310854,159937,35394
7/29/2022,2906,147,16,2313760,160084,35410
7/30/2022,1821,130,15,2315581,160214,35425
7/31/2022,1938,138,12,2317519,160352,35437
8/1/2022,3853,163,13,2321372,160515,35450
8/2/2022,3540,162,14,2324912,160677,35464
8/3/2022,3200,168,10,2328112,160845,35474
8/4/2022,2962,153,14,2331074,160998,35488
8/5/2022,2730,177,15,2333804,161175,35503
8/6/2022,1678,114,15,2335482,161289,35518
8/7/2022,1617,120,14,2337099,161409,35532
8/8/2022,3366,157,18,2340465,161566,35550
8/9/2022,2731,164,17,2343196,161730,35567
8/10/2022,2555,151,10,2345751,161881,35577
8/11/2022,2316,151,9,2348067,162032,35586
8/12/2022,2019,146,12,2350086,162178,35598
8/13/2022,1298,93,15,2351384,162271,35613
8/14/2022,1331,107,13,2352715,162378,35626
8/15/2022,2679,146,11,2355394,162524,35637
8/16/2022,2376,141,14,2357770,162665,35651
8/17/2022,2207,143,19,2359977,162808,35670
8/18/2022,2114,128,13,2362091,162936,35683
8/19/2022,1933,121,10,2364024,163057,35693
8/20/2022,1263,108,19,2365287,163165,35712
8/21/2022,1268,100,14,2366555,163265,35726
8/22/2022,2287,144,16,2368842,163409,35742
8/23/2022,2048,124,11,2370890,163533,35753
8/24/2022,1915,140,15,2372805,163673,35768
8/25/2022,1848,121,11,2374653,163794,35779
8/26/2022,1694,131,16,2376347,163925,35795
8/27/2022,1116,103,11,2377463,164028,35806
8/28/2022,1117,91,14,2378580,164119,35820
8/29/2022,2186,143,5,2380766,164262,35825
8/30/2022,1857,138,14,2382623,164400,35839
8/31/2022,1839,98,11,2384462,164498,35850
9/1/2022,1659,107,9,2386121,164605,35859
9/2/2022,1481,115,12,2387602,164720,35871
9/3/2022,922,84,7,2388524,164804,35878
9/4/2022,960,75,18,2389484,164879,35896
9/5/2022,992,91,10,2390476,164970,35906
9/6/2022,2043,113,7,2392519,165083,35913
9/7/2022,1800,102,10,2394319,165185,35923
9/8/2022,1637,109,13,2395956,165294,35936
9/9/2022,1513,99,9,2397469,165393,35945
9/10/2022,1024,90,9,2398493,165483,35954
9/11/2022,944,95,10,2399437,165578,35964
9/12/2022,2068,112,6,2401505,165690,35970
9/13/2022,1728,124,13,2403233,165814,35983
9/14/2022,1824,117,7,2405057,165931,35990
9/15/2022,1654,108,13,2406711,166039,36003
9/16/2022,1604,86,19,2408315,166125,36022
9/17/2022,1084,81,9,2409399,166206,36031
9/18/2022,1158,91,12,2410557,166297,36043
9/19/2022,2434,92,11,2412991,166389,36054
9/20/2022,2232,120,9,2415223,166509,36063
9/21/2022,2040,123,12,2417263,166632,36075
9/22/2022,1647,102,9,2418910,166734,36084
9/23/2022,1513,117,6,2420423,166851,36090
9/24/2022,991,87,4,2421414,166938,36094
9/25/2022,1060,118,6,2422474,167056,36100
9/26/2022,2024,137,7,2424498,167193,36107
9/27/2022,1897,133,8,2426395,167326,36115
9/28/2022,2040,136,5,2428435,167462,36120
9/29/2022,1848,109,11,2430283,167571,36131
9/30/2022,1577,123,15,2431860,167694,36146
10/1/2022,890,106,7,2432750,167800,36153
10/2/2022,950,105,8,2433700,167905,36161
10/3/2022,1956,126,9,2435656,168031,36170
10/4/2022,1624,142,5,2437280,168173,36175
10/5/2022,1497,133,15,2438777,168306,36190
10/6/2022,1890,131,13,2440667,168437,36203
10/7/2022,1584,116,11,2442251,168553,36214
10/8/2022,957,91,11,2443208,168644,36225
10/9/2022,977,82,11,2444185,168726,36236
10/10/2022,1673,104,12,2445858,168830,36248
10/11/2022,1991,100,13,2447849,168930,36261
10/12/2022,1954,104,7,2449803,169034,36268
10/13/2022,1834,121,14,2451637,169155,36282
10/14/2022,1633,117,11,2453270,169272,36293
10/15/2022,1028,100,6,2454298,169372,36299
10/16/2022,995,75,9,2455293,169447,36308
10/17/2022,2073,108,16,2457366,169555,36324
10/18/2022,1858,114,10,2459224,169669,36334
10/19/2022,1851,145,14,2461075,169814,36348
10/20/2022,1634,136,8,2462709,169950,36356
10/21/2022,1563,121,16,2464272,170071,36372
10/22/2022,1152,120,8,2465424,170191,36380
10/23/2022,1111,109,19,2466535,170300,36399
10/24/2022,2332,137,21,2468867,170437,36420
10/25/2022,2245,142,17,2471112,170579,36437
10/26/2022,2253,151,15,2473365,170730,36452
10/27/2022,1972,116,11,2475337,170846,36463
10/28/2022,1757,117,13,2477094,170963,36476
10/29/2022,1147,94,10,2478241,171057,36486
10/30/2022,1221,128,11,2479462,171185,36497
10/31/2022,2432,157,14,2481894,171342,36511
11/1/2022,2287,153,14,2484181,171495,36525
11/2/2022,2437,157,16,2486618,171652,36541
11/3/2022,2303,143,15,2488921,171795,36556
11/4/2022,2169,130,7,2491090,171925,36563
11/5/2022,1395,127,17,2492485,172052,36580
11/6/2022,1444,105,12,2493929,172157,36592
11/7/2022,2834,148,13,2496763,172305,36605
11/8/2022,2293,155,15,2499056,172460,36620
11/9/2022,2277,123,19,2501333,172583,36639
11/10/2022,2008,154,11,2503341,172737,36650
11/11/2022,1624,155,25,2504965,172892,36675
11/12/2022,1538,117,16,2506503,173009,36691
11/13/2022,1374,113,8,2507877,173122,36699
11/14/2022,2959,169,15,2510836,173291,36714
11/15/2022,2388,145,18,2513224,173436,36732
11/16/2022,2328,150,16,2515552,173586,36748
11/17/2022,1891,154,13,2517443,173740,36761
11/18/2022,1569,127,15,2519012,173867,36776
11/19/2022,1161,89,17,2520173,173956,36793
11/20/2022,1340,137,18,2521513,174093,36811
11/21/2022,3012,168,16,2524525,174261,36827
11/22/2022,2701,157,16,2527226,174418,36843
11/23/2022,2702,172,14,2529928,174590,36857
11/24/2022,1007,133,17,2530935,174723,36874
11/25/2022,2270,183,15,2533205,174906,36889
11/26/2022,2039,172,9,2535244,175078,36898
11/27/2022,2021,189,10,2537265,175267,36908
11/28/2022,4780,207,19,2542045,175474,36927
11/29/2022,3880,205,17,2545925,175679,36944
11/30/2022,3211,229,16,2549136,175908,36960
12/1/2022,3075,190,16,2552211,176098,36976
12/2/2022,2971,198,15,2555182,176296,36991
12/3/2022,1659,193,22,2556841,176489,37013
12/4/2022,1837,159,12,2558678,176648,37025
12/5/2022,4096,218,16,2562774,176866,37041
12/6/2022,3304,199,21,2566078,177065,37062
12/7/2022,3421,224,13,2569499,177289,37075
12/8/2022,3144,195,21,2572643,177484,37096
12/9/2022,2978,186,16,2575621,177670,37112
12/10/2022,1728,175,18,2577349,177845,37130
12/11/2022,1685,152,30,2579034,177997,37160
12/12/2022,4065,207,20,2583099,178204,37180
12/13/2022,3632,226,19,2586731,178430,37199
12/14/2022,3410,227,25,2590141,178657,37224
12/15/2022,2962,208,26,2593103,178865,37250
12/16/2022,2659,227,19,2595762,179092,37269
12/17/2022,2025,160,19,2597787,179252,37288
12/18/2022,1865,177,27,2599652,179429,37315
12/19/2022,3939,226,16,2603591,179655,37331
12/20/2022,3442,190,26,2607033,179845,37357
12/21/2022,3342,210,24,2610375,180055,37381
12/22/2022,2838,214,21,2613213,180269,37402
12/23/2022,2403,194,28,2615616,180463,37430
12/24/2022,1026,138,25,2616642,180601,37455
12/25/2022,846,162,26,2617488,180763,37481
12/26/2022,2323,190,27,2619811,180953,37508
12/27/2022,3471,232,27,2623282,181185,37535
12/28/2022,3172,249,31,2626454,181434,37566
12/29/2022,3084,230,28,2629538,181664,37594
12/30/2022,2702,250,31,2632240,181914,37625
12/31/2022,1456,193,20,2633696,182107,37645
1/1/2023,1140,216,28,2634836,182323,37673
1/2/2023,2816,192,20,2637652,182515,37693
1/3/2023,3803,240,24,2641455,182755,37717
1/4/2023,3350,205,24,2644805,182960,37741
1/5/2023,2890,230,24,2647695,183190,37765
1/6/2023,2480,185,39,2650175,183375,37804
1/7/2023,1457,164,19,2651632,183539,37823
1/8/2023,1344,139,18,2652976,183678,37841
1/9/2023,2871,197,25,2655847,183875,37866
1/10/2023,2448,178,18,2658295,184053,37884
1/11/2023,2217,171,17,2660512,184224,37901
1/12/2023,2082,143,17,2662594,184367,37918
1/13/2023,1855,173,19,2664449,184540,37937
1/14/2023,1118,133,23,2665567,184673,37960
1/15/2023,1035,103,17,2666602,184776,37977
1/16/2023,1716,150,18,2668318,184926,37995
1/17/2023,2454,165,20,2670772,185091,38015
1/18/2023,1816,161,14,2672588,185252,38029
1/19/2023,1723,137,14,2674311,185389,38043
1/20/2023,1686,135,20,2675997,185524,38063
1/21/2023,999,111,24,2676996,185635,38087
1/22/2023,950,106,21,2677946,185741,38108
1/23/2023,1994,146,16,2679940,185887,38124
1/24/2023,1802,110,28,2681742,185997,38152
1/25/2023,1505,118,21,2683247,186115,38173
1/26/2023,1554,112,13,2684801,186227,38186
1/27/2023,1412,103,16,2686213,186330,38202
1/28/2023,840,106,15,2687053,186436,38217
1/29/2023,737,91,19,2687790,186527,38236
1/30/2023,1934,131,17,2689724,186658,38253
1/31/2023,1569,116,18,2691293,186774,38271
2/1/2023,1306,98,18,2692599,186872,38289
2/2/2023,1207,103,16,2693806,186975,38305
2/3/2023,990,99,15,2694796,187074,38320
2/4/2023,491,82,20,2695287,187156,38340
2/5/2023,595,91,14,2695882,187247,38354
2/6/2023,1548,109,11,2697430,187356,38365
2/7/2023,1233,103,13,2698663,187459,38378
2/8/2023,1074,81,10,2699737,187540,38388
2/9/2023,986,92,14,2700723,187632,38402
2/10/2023,897,87,15,2701620,187719,38417
2/11/2023,544,71,14,2702164,187790,38431
2/12/2023,511,62,9,2702675,187852,38440
2/13/2023,1178,101,6,2703853,187953,38446
2/14/2023,919,55,11,2704772,188008,38457
2/15/2023,879,79,13,2705651,188087,38470
2/16/2023,863,81,8,2706514,188168,38478
2/17/2023,615,66,17,2707129,188234,38495
2/18/2023,425,56,10,2707554,188290,38505
2/19/2023,383,57,8,2707937,188347,38513
2/20/2023,600,76,10,2708537,188423,38523
2/21/2023,785,54,10,2709322,188477,38533
2/22/2023,650,57,8,2709972,188534,38541
2/23/2023,676,47,4,2710648,188581,38545
2/24/2023,535,58,4,2711183,188639,38549
2/25/2023,331,44,7,2711514,188683,38556
2/26/2023,351,36,5,2711865,188719,38561
2/27/2023,790,42,6,2712655,188761,38567
2/28/2023,538,35,4,2713193,188796,38571
3/1/2023,526,38,4,2713719,188834,38575
3/2/2023,517,36,7,2714236,188870,38582
3/3/2023,439,45,9,2714675,188915,38591
3/4/2023,269,31,6,2714944,188946,38597
3/5/2023,220,22,7,2715164,188968,38604
3/6/2023,600,47,4,2715764,189015,38608
3/7/2023,471,40,6,2716235,189055,38614
3/8/2023,481,41,7,2716716,189096,38621
3/9/2023,422,33,6,2717138,189129,38627
3/10/2023,367,34,5,2717505,189163,38632
3/11/2023,245,30,11,2717750,189193,38643
3/12/2023,213,20,6,2717963,189213,38649
3/13/2023,507,34,4,2718470,189247,38653
3/14/2023,390,22,4,2718860,189269,38657
3/15/2023,556,20,4,2719416,189289,38661
3/16/2023,415,30,4,2719831,189319,38665
3/17/2023,325,30,3,2720156,189349,38668
3/18/2023,206,26,4,2720362,189375,38672
3/19/2023,177,27,5,2720539,189402,38677
3/20/2023,482,22,4,2721021,189424,38681
3/21/2023,422,32,4,2721443,189456,38685
3/22/2023,401,19,2,2721844,189475,38687
3/23/2023,393,32,6,2722237,189507,38693
3/24/2023,385,26,4,2722622,189533,38697
3/25/2023,195,25,5,2722817,189558,38702
3/26/2023,212,20,6,2723029,189578,38708
3/27/2023,446,27,6,2723475,189605,38714
3/28/2023,411,33,4,2723886,189638,38718
3/29/2023,348,35,5,2724234,189673,38723
3/30/2023,409,28,6,2724643,189701,38729
3/31/2023,344,28,3,2724987,189729,38732
4/1/2023,166,22,2,2725153,189751,38734
4/2/2023,204,18,2,2725357,189769,38736
4/3/2023,334,29,3,2725691,189798,38739
4/4/2023,303,40,0,2725994,189838,38739
4/5/2023,252,30,2,2726246,189868,38741
4/6/2023,219,28,0,2726465,189896,38741
4/7/2023,179,20,2,2726644,189916,38743
4/8/2023,141,15,2,2726785,189931,38745
4/9/2023,112,11,0,2726897,189942,38745
4/10/2023,304,32,1,2727201,189974,38746
4/11/2023,268,35,2,2727469,190009,38748
4/12/2023,193,29,3,2727662,190038,38751
4/13/2023,212,28,2,2727874,190066,38753
4/14/2023,216,22,1,2728090,190088,38754
4/15/2023,130,26,2,2728220,190114,38756
4/16/2023,147,21,3,2728367,190135,38759
4/17/2023,333,33,2,2728700,190168,38761
4/18/2023,255,21,1,2728955,190189,38762
4/19/2023,232,20,3,2729187,190209,38765
4/20/2023,215,20,2,2729402,190229,38767
4/21/2023,165,23,1,2729567,190252,38768
4/22/2023,107,17,1,2729674,190269,38769
4/23/2023,114,20,0,2729788,190289,38769
4/24/2023,323,29,1,2730111,190318,38770
4/25/2023,230,23,0,2730341,190341,38770
4/26/2023,167,25,1,2730508,190366,38771
4/27/2023,214,25,2,2730722,190391,38773
4/28/2023,227,16,2,2730949,190407,38775
4/29/2023,114,11,0,2731063,190418,38775
4/30/2023,80,6,0,2731143,190424,38775
5/1/2023,207,0,2,2731350,190424,38777
